image_width: 1280
image_height: 720
camera_name: front_cam_link 
camera_matrix:
  rows: 3
  cols: 3
  data: [1369.322300, 0.000000, 615.483694, 0.000000, 1355.774270, 331.582320, 0.000000, 0.000000, 1.000000]
distortion_model: plumb_bob
distortion_coefficients:
  rows: 1
  cols: 5
  data: [-0.474580, 0.380111, 0.016093, 0.005814, 0.000000]
rectification_matrix:
  rows: 3
  cols: 3
  data: [1.000000, 0.000000, 0.000000, 0.000000, 1.000000, 0.000000, 0.000000, 0.000000, 1.000000]
projection_matrix:
  rows: 3
  cols: 4
  data: [1233.804565, 0.000000, 618.604009, 0.000000, 0.000000, 1312.314453, 334.870459, 0.000000, 0.000000, 0.000000, 1.000000, 0.000000]
