image_width: 640
image_height: 480
camera_name: narrow_stereo
camera_matrix:
  rows: 3
  cols: 3
  data: [848.205162, 0.000000, 310.074240, 0.000000, 844.234770, 268.187084, 0.000000, 0.000000, 1.000000]
distortion_model: plumb_bob
distortion_coefficients:
  rows: 1
  cols: 5
  data: [-0.426357, 0.258259, -0.009102, 0.003306, 0.000000]
rectification_matrix:
  rows: 3
  cols: 3
  data: [1.000000, 0.000000, 0.000000, 0.000000, 1.000000, 0.000000, 0.000000, 0.000000, 1.000000]
projection_matrix:
  rows: 3
  cols: 4
  data: [795.737183, 0.000000, 310.292693, 0.000000, 0.000000, 815.229736, 268.111235, 0.000000, 0.000000, 0.000000, 1.000000, 0.000000]
